
1,1,0,2128227771;
2,1,EOT;
3,2,1,2128227771;
4,2,2,2128227771;
5,2,3,2128227771;
6,2,4,2128227771;
7,2,5,2128227771;
8,2,6,2128227771;
9,2,7,2128227771;
10,2,8,2128227771;
11,2,9,2128227771;
12,2,10,2128227771;
13,2,11,2128227771;
14,2,12,2128227771;
15,2,13,2128227771;
16,2,14,2128227771;
17,2,15,2128227771;
18,2,16,2128227771;
19,2,17,2128227771;
20,2,18,2128227771;
21,2,19,2128227771;
22,2,20,2128227771;
23,2,EOT;
24,3,21,2128227771;
25,3,22,2128227771;
26,3,23,2128227771;
27,3,24,2128227771;
28,3,25,2128227771;
29,3,26,2128227771;
30,3,27,2128227771;
31,3,28,2128227771;
32,3,29,2128227771;
33,3,30,2128227771;
34,3,31,2128227771;
35,3,32,2128227771;
36,3,33,2128227771;
37,3,34,2128227771;
38,3,35,2128227771;
39,3,36,2128227771;
40,3,37,2128227771;
41,3,38,2128227771;
42,3,39,2128227771;
43,3,40,2128227771;
44,3,EOT;
45,4,41,2128227771;
46,4,42,2128227771;
47,4,43,2128227771;
48,4,44,2128227771;
49,4,45,2128227771;
50,4,46,2128227771;
51,4,47,2128227771;
52,4,48,2128227771;
53,4,49,2128227771;
54,4,50,2128227771;
55,4,51,2128227771;
56,4,52,2128227771;
57,4,53,2128227771;
58,4,54,2128227771;
59,4,55,2128227771;
60,4,56,2128227771;
61,4,57,2128227771;
62,4,58,2128227771;
63,4,59,2128227771;
64,4,60,2128227771;
65,4,EOT;
66,5,61,2128227771;
67,5,62,2128227771;
68,5,63,2128227771;
69,5,64,2128227771;
70,5,65,2128227771;
71,5,66,2128227771;
72,5,67,2128227771;
73,5,68,2128227771;
74,5,69,2128227771;
75,5,70,2128227771;
76,5,71,2128227771;
77,5,72,2128227771;
78,5,73,2128227771;
79,5,74,2128227771;
80,5,75,2128227771;
81,5,76,2128227771;
82,5,77,2128227771;
83,5,78,2128227771;
84,5,79,2128227771;
85,5,80,2128227771;
86,5,EOT;
87,6,81,2128227771;
88,6,82,2128227771;
89,6,83,2128227771;
90,6,84,2128227771;
91,6,85,2128227771;
92,6,86,2128227771;
93,6,87,2128227771;
94,6,88,2128227771;
95,6,89,2128227771;
96,6,90,2128227771;
97,6,91,2128227771;
98,6,92,2128227771;
99,6,93,2128227771;
100,6,94,2128227771;
101,6,95,2128227771;
102,6,96,2128227771;
103,6,97,2128227771;
104,6,98,2128227771;
105,6,99,2128227771;
106,6,100,2128227771;
107,6,EOT;
108,7,101,2128227771;
109,7,102,2128227771;
110,7,103,2128227771;
111,7,104,2128227771;
112,7,105,2128227771;
113,7,106,2128227771;
114,7,107,2128227771;
115,7,108,2128227771;
116,7,109,2128227771;
117,7,110,2128227771;
118,7,111,2128227771;
119,7,112,2128227771;
120,7,113,2128227771;
121,7,114,2128227771;
122,7,115,2128227771;
123,7,116,2128227771;
124,7,117,2128227771;
125,7,118,2128227771;
126,7,119,2128227771;
127,7,120,2128227771;
128,7,EOT;
129,8,121,2128227771;
130,8,122,2128227771;
131,8,123,2128227771;
132,8,124,2128227771;
133,8,125,2128227771;
134,8,126,2128227771;
135,8,127,2128227771;
136,8,128,2128227771;
137,8,129,2128227771;
138,8,130,2128227771;
139,8,131,2128227771;
140,8,132,2128227771;
141,8,133,2128227771;
142,8,134,2128227771;
143,8,135,2128227771;
144,8,136,2128227771;
145,8,137,2128227771;
146,8,138,2128227771;
147,8,139,2128227771;
148,8,140,2128227771;
149,8,EOT;
150,9,141,2128227771;
151,9,142,2128227771;
152,9,143,2128227771;
153,9,144,2128227771;
154,9,145,2128227771;
155,9,146,2128227771;
156,9,147,2128227771;
157,9,148,2128227771;
158,9,149,2128227771;
159,9,150,2128227771;
160,9,151,2128227771;
161,9,152,2128227771;
162,9,153,2128227771;
163,9,154,2128227771;
164,9,155,2128227771;
165,9,156,2128227771;
166,9,157,2128227771;
167,9,158,2128227771;
168,9,159,2128227771;
169,9,160,2128227771;
170,9,EOT;
171,10,161,2128227771;
172,10,162,2128227771;
173,10,163,2128227771;
174,10,164,2128227771;
175,10,165,2128227771;
176,10,166,2128227771;
177,10,167,2128227771;
178,10,168,2128227771;
179,10,169,2128227771;
180,10,170,2128227771;
181,10,171,2128227771;
182,10,172,2128227771;
183,10,173,2128227771;
184,10,174,2128227771;
185,10,175,2128227771;
186,10,176,2128227771;
187,10,177,2128227771;
188,10,178,2128227771;
189,10,179,2128227771;
190,10,180,2128227771;
191,10,EOT;
192,11,181,2128227771;
193,11,182,2128227771;
194,11,183,2128227771;
195,11,184,2128227771;
196,11,185,2128227771;
197,11,186,2128227771;
198,11,187,2128227771;
199,11,188,2128227771;
200,11,189,2128227771;
201,11,190,2128227771;
202,11,191,2128227771;
203,11,192,2128227771;
204,11,193,2128227771;
205,11,194,2128227771;
206,11,195,2128227771;
207,11,196,2128227771;
208,11,197,2128227771;
209,11,198,2128227771;
210,11,199,2128227771;
211,11,200,2128227771;
212,11,EOT;
213,12,201,2128227771;
214,12,202,2128227771;
215,12,203,2128227771;
216,12,204,2128227771;
217,12,205,2128227771;
218,12,206,2128227771;
219,12,207,2128227771;
220,12,208,2128227771;
221,12,209,2128227771;
222,12,210,2128227771;
223,12,211,2128227771;
224,12,212,2128227771;
225,12,213,2128227771;
226,12,214,2128227771;
227,12,215,2128227771;
228,12,216,2128227771;
229,12,217,2128227771;
230,12,218,2128227771;
231,12,219,2128227771;
232,12,220,2128227771;
233,12,EOT;
234,13,221,2128227771;
235,13,222,2128227771;
236,13,223,2128227771;
237,13,224,2128227771;
238,13,225,2128227771;
239,13,226,2128227771;
240,13,227,2128227771;
241,13,228,2128227771;
242,13,229,2128227771;
243,13,230,2128227771;
244,13,231,2128227771;
245,13,232,2128227771;
246,13,233,2128227771;
247,13,234,2128227771;
248,13,235,2128227771;
249,13,236,2128227771;
250,13,237,2128227771;
251,13,238,2128227771;
252,13,239,2128227771;
253,13,240,2128227771;
254,13,EOT;
255,14,241,2128227771;
256,14,242,2128227771;
257,14,243,2128227771;
258,14,244,2128227771;
259,14,245,2128227771;
260,14,246,2128227771;
261,14,247,2128227771;
262,14,248,2128227771;
263,14,249,2128227771;
264,14,250,2128227771;
265,14,251,2128227771;
266,14,252,2128227771;
267,14,253,2128227771;
268,14,254,2128227771;
269,14,255,2128227771;
270,14,256,2128227771;
271,14,257,2128227771;
272,14,258,2128227771;
273,14,259,2128227771;
274,14,260,2128227771;